ROSEFLOWER
choice:1
101100001001001001000010001101010110001111111110
101000000001101001010010110101100110111110000101
001001000111001001010000011110100010001111011101
000001100101010101010000111100111111000110001011
010011100100000101010001011001100011011100101011
000011111100000100001001111111100011100101101110
000010110000000110001011011001001101101111111010
001110010000100010001001010101011011110001111011
000110010001100010001000111010001101011101011101
000100000010100011001100110110111101011010101010
000100000110110000000100110111000101111100101001
010000000010110100100100100110100111101001111100
110000001010010000100101111100011111101110110000
110000011000011000100010101100010010111000111011
111000001001001010100010111111110011101000010110
101000001001001000100010100110111000001110100111

ROSEFLOWER
choice:2
101100001001001011000010101111110011001100010000
101000000001101001010010100111110000001010100111
001001000111101001010000010101100100101111000101
000001100111010101010000000100101010000111011101
010011100100010101010001111000111011010110000001
010011111100000100001001011010100010011100101011
000010111000000110001011011111100101100100001110
001110010000100010001011010001000101000111111010
000110010001101010001000110011001110110111010000
000100000011100011001100011010011100011001011001
000100000110110001000100110110111101010000001010
010000000110110100100100100011000101011100101100
110000001010010100100101100110000111101011100100
110000011000011000100011111100001100101010110001
111000011001001010100010100100110010111000011011
101000001001001000101010101000010001011110010111

