111000001011111001100110000000000000000000000000
111000001011011001110110000000000000000000000000
111001001101011001110110000000000000000000000000
111001101101001101110010000000000000000000000000
101011101101001101110011000000000000000000000000
101011110101001101011011000000000000000000000000
001011110101001111011001000000000000000000000000
000111110101100111011001000000000000000000000000
000111110100100111011001000000000000000000000000
000111110110100110011101000000000000000000000000
000111110010110110001101000000000000000000000000
010110110010110010101101000000000000000000000000
110110011010110010101100000000000000000000000000
110100001010111010101110000000000000000000000000
111100001011111000100110000000000000000000000000
111100001011111000100110000000000000000000000000
